county_fips,state_fips,never,rarely,sometimes,frequently,always
1001,1000,5.3%,7.4%,13.4%,29.5%,44.4%
1003,1000,8.3%,5.9%,9.8%,32.3%,43.6%
1005,1000,6.7%,12.1%,12.0%,20.1%,49.1%
1007,1000,2.0%,3.4%,9.6%,27.8%,57.2%
1009,1000,5.3%,11.4%,18.0%,19.4%,45.9%
1011,1000,3.1%,4.0%,14.4%,28.6%,50.0%
1013,1000,10.2%,5.3%,25.7%,13.7%,45.1%
1015,1000,15.2%,10.8%,13.0%,16.7%,44.2%
1017,1000,11.7%,3.7%,15.0%,13.6%,56.0%
1019,1000,13.5%,2.7%,16.1%,15.8%,52.0%
1021,1000,6.0%,7.0%,5.8%,19.4%,61.8%
1023,1000,4.9%,3.8%,12.6%,21.9%,56.8%
1025,1000,4.9%,8.8%,16.4%,26.8%,43.0%
1027,1000,14.8%,15.8%,19.5%,16.9%,32.9%
1029,1000,15.1%,12.5%,13.8%,21.7%,36.8%
1031,1000,10.1%,15.2%,9.4%,18.6%,46.6%
1033,1000,8.2%,9.6%,15.2%,15.9%,51.0%
1035,1000,9.9%,5.2%,25.9%,19.2%,39.9%
1037,1000,5.5%,13.1%,16.7%,26.3%,38.4%
1039,1000,18.7%,12.8%,12.9%,20.1%,35.6%
1041,1000,6.0%,9.1%,19.9%,23.3%,41.6%
1043,1000,13.0%,2.4%,24.9%,21.7%,37.9%
1045,1000,8.9%,11.3%,11.8%,22.0%,46.0%
1047,1000,9.5%,10.0%,15.9%,12.2%,52.4%
1049,1000,8.4%,5.1%,10.6%,17.9%,58.0%
1051,1000,4.2%,9.5%,12.7%,25.2%,48.5%
1053,1000,11.4%,2.6%,18.8%,28.5%,38.7%
1055,1000,9.6%,10.3%,17.8%,12.2%,50.1%
1057,1000,13.8%,4.8%,15.1%,23.3%,42.9%
1059,1000,6.5%,7.1%,22.3%,15.6%,48.4%
1061,1000,17.6%,13.1%,8.9%,15.8%,44.5%
1063,1000,3.0%,5.3%,12.7%,16.7%,62.3%
1065,1000,2.6%,6.1%,8.4%,19.1%,63.9%
1067,1000,6.6%,6.8%,17.0%,25.8%,43.8%
1069,1000,8.5%,7.9%,13.5%,26.8%,43.3%
1071,1000,9.2%,8.9%,11.0%,24.9%,46.0%
1073,1000,4.9%,3.7%,10.7%,17.9%,62.8%
1075,1000,10.7%,4.5%,13.2%,18.9%,52.7%
1077,1000,9.3%,11.9%,14.1%,17.9%,46.9%
1079,1000,16.2%,8.0%,8.8%,25.1%,41.9%
1081,1000,5.3%,6.4%,13.8%,18.3%,56.2%
1083,1000,10.2%,3.4%,13.3%,33.6%,39.5%
1085,1000,12.0%,7.3%,14.5%,19.9%,46.4%
1087,1000,0.8%,3.3%,24.1%,17.2%,54.5%
1089,1000,6.2%,5.0%,12.3%,17.7%,58.9%
1091,1000,3.3%,15.1%,11.8%,18.6%,51.2%
1093,1000,12.9%,6.4%,24.6%,20.7%,35.3%
1095,1000,7.5%,6.4%,12.9%,25.3%,47.9%
1097,1000,7.7%,7.0%,10.2%,24.4%,50.6%
1099,1000,11.2%,4.1%,18.2%,28.8%,37.8%
1101,1000,5.6%,9.5%,12.3%,21.2%,51.3%
1103,1000,7.8%,7.7%,8.2%,30.4%,45.9%
1105,1000,2.5%,8.4%,8.7%,18.7%,61.8%
1107,1000,3.1%,6.0%,16.9%,15.7%,58.4%
1109,1000,6.0%,13.1%,14.5%,33.3%,33.0%
1111,1000,15.8%,22.6%,10.5%,14.4%,36.8%
1113,1000,6.9%,6.7%,8.0%,21.3%,57.0%
1115,1000,2.7%,13.4%,14.4%,20.0%,49.5%
1117,1000,2.2%,7.5%,11.8%,24.0%,54.5%
1119,1000,5.5%,6.8%,11.8%,19.7%,56.2%
1121,1000,11.3%,15.0%,20.8%,16.9%,36.1%
1123,1000,6.7%,9.5%,13.6%,29.6%,40.6%
1125,1000,4.1%,3.6%,14.4%,24.7%,53.2%
1127,1000,9.0%,8.1%,14.5%,25.6%,42.9%
1129,1000,1.8%,7.7%,10.2%,30.7%,49.5%
1131,1000,6.1%,9.8%,19.9%,18.7%,45.5%
1133,1000,13.0%,4.6%,32.8%,18.3%,31.2%
2013,2000,6.7%,3.2%,3.4%,31.6%,55.1%
2016,2000,7.8%,3.1%,3.0%,33.7%,52.4%
2020,2000,4.2%,5.0%,4.9%,19.6%,66.3%
2050,2000,10.1%,2.2%,1.4%,45.0%,41.3%
2060,2000,4.8%,3.7%,4.2%,30.8%,56.4%
2068,2000,6.2%,8.1%,6.7%,22.5%,56.5%
2070,2000,7.2%,2.5%,2.7%,39.1%,48.4%
2090,2000,9.4%,8.4%,17.5%,23.4%,41.3%
2100,2000,5.5%,5.0%,12.3%,41.9%,35.2%
2105,2000,5.1%,6.4%,13.0%,39.9%,35.6%
2110,2000,5.1%,6.7%,13.3%,39.6%,35.3%
2122,2000,4.3%,4.7%,5.1%,19.7%,66.2%
2130,2000,2.5%,14.9%,17.4%,25.6%,39.6%
2150,2000,4.2%,4.3%,4.9%,23.3%,63.3%
2158,2000,10.3%,2.2%,0.7%,52.1%,34.7%
2164,2000,5.5%,3.6%,4.0%,29.9%,57.1%
2170,2000,4.2%,5.1%,4.8%,19.8%,66.0%
2180,2000,8.6%,6.1%,0.9%,54.4%,30.0%
2185,2000,3.6%,5.9%,23.5%,21.5%,45.5%
2188,2000,3.5%,18.8%,5.1%,47.4%,25.2%
2195,2000,4.2%,9.5%,14.8%,34.9%,36.5%
2198,2000,3.3%,12.5%,16.1%,30.0%,38.0%
2220,2000,4.8%,7.7%,13.7%,38.1%,35.7%
2230,2000,5.8%,3.8%,11.6%,43.5%,35.4%
2240,2000,6.4%,7.1%,14.0%,27.2%,45.3%
2261,2000,4.0%,4.9%,5.2%,19.7%,66.3%
2275,2000,3.5%,11.9%,16.0%,31.2%,37.4%
2282,2000,4.7%,1.2%,7.8%,38.1%,48.1%
2290,2000,4.4%,4.7%,12.6%,42.5%,35.8%
4001,4000,5.5%,6.3%,3.1%,15.0%,70.1%
4003,4000,5.3%,2.5%,14.7%,19.4%,58.1%
4005,4000,3.9%,8.0%,7.0%,11.0%,70.2%
4007,4000,7.3%,1.4%,3.0%,33.6%,54.7%
4009,4000,9.5%,6.7%,23.7%,4.9%,55.3%
4011,4000,11.1%,8.9%,16.7%,8.9%,54.4%
4012,4000,3.1%,6.4%,16.2%,17.3%,57.0%
4013,4000,2.3%,2.5%,5.9%,15.8%,73.4%
4015,4000,5.1%,9.6%,10.4%,16.4%,58.5%
4017,4000,9.1%,10.8%,5.9%,13.9%,60.2%
4019,4000,2.3%,2.4%,7.3%,12.1%,75.9%
4021,4000,3.3%,5.5%,9.6%,14.8%,66.7%
4023,4000,2.8%,0.2%,5.8%,7.4%,83.7%
4025,4000,3.1%,7.3%,8.1%,17.6%,63.9%
4027,4000,0.8%,1.3%,4.6%,12.9%,80.4%
5001,5000,1.9%,7.3%,13.4%,21.6%,55.7%
5003,5000,2.3%,10.3%,16.3%,11.7%,59.5%
5005,5000,15.0%,10.4%,10.8%,10.4%,53.4%
5007,5000,8.1%,3.4%,8.3%,16.0%,64.3%
5009,5000,12.9%,14.5%,12.2%,18.9%,41.6%
5011,5000,9.4%,10.2%,17.5%,18.4%,44.5%
5013,5000,14.5%,13.2%,10.8%,21.1%,40.4%
5015,5000,11.1%,6.8%,11.5%,12.9%,57.7%
5017,5000,10.4%,7.4%,19.3%,9.7%,53.1%
5019,5000,8.0%,9.1%,8.0%,23.1%,51.8%
5021,5000,8.2%,12.4%,15.7%,24.2%,39.5%
5023,5000,3.6%,6.5%,9.3%,25.9%,54.6%
5025,5000,10.7%,3.0%,16.0%,23.1%,47.2%
5027,5000,24.1%,7.2%,5.4%,25.0%,38.3%
5029,5000,7.1%,12.0%,13.7%,34.7%,32.5%
5031,5000,7.8%,12.3%,13.8%,34.1%,32.0%
5033,5000,15.5%,10.0%,16.7%,21.1%,36.7%
5035,5000,5.9%,1.7%,11.0%,30.6%,50.8%
5037,5000,9.7%,1.7%,16.3%,31.9%,40.4%
5039,5000,19.7%,5.5%,9.3%,19.6%,45.9%
5041,5000,7.8%,3.3%,19.0%,18.9%,50.9%
5043,5000,6.3%,4.9%,20.7%,15.9%,52.3%
5045,5000,6.6%,2.7%,7.7%,40.3%,42.6%
5047,5000,14.9%,7.9%,24.5%,18.7%,34.0%
5049,5000,10.5%,12.1%,22.6%,19.7%,35.1%
5051,5000,2.5%,10.2%,6.8%,21.0%,59.6%
5053,5000,8.2%,4.3%,12.7%,25.8%,48.9%
5055,5000,6.2%,14.1%,15.4%,34.6%,29.7%
5057,5000,9.8%,7.3%,9.6%,17.9%,55.4%
5059,5000,5.9%,8.6%,7.9%,21.6%,56.0%
5061,5000,8.1%,7.0%,14.5%,14.5%,56.0%
5063,5000,13.7%,15.6%,8.8%,17.9%,44.0%
5065,5000,8.6%,12.1%,13.3%,23.0%,43.0%
5067,5000,11.6%,10.3%,13.5%,17.9%,46.8%
5069,5000,4.2%,3.6%,17.2%,17.3%,57.7%
5071,5000,14.4%,10.3%,20.5%,22.1%,32.8%
5073,5000,12.0%,8.2%,7.8%,23.4%,48.6%
5075,5000,8.5%,12.8%,15.3%,29.8%,33.7%
5077,5000,10.3%,3.2%,19.5%,26.3%,40.7%
5079,5000,3.5%,1.6%,19.4%,20.1%,55.4%
5081,5000,7.4%,12.1%,10.6%,20.1%,49.9%
5083,5000,14.8%,11.0%,12.0%,14.3%,47.9%
5085,5000,4.8%,4.5%,13.6%,29.7%,47.4%
5087,5000,7.5%,8.8%,15.9%,11.4%,56.4%
5089,5000,17.1%,11.2%,11.9%,10.8%,49.0%
5091,5000,6.4%,12.4%,10.6%,21.9%,48.7%
5093,5000,3.3%,10.9%,13.4%,28.4%,44.0%
5095,5000,6.8%,12.8%,12.7%,27.1%,40.6%
5097,5000,8.1%,9.5%,13.6%,16.6%,52.1%
5099,5000,14.3%,4.8%,8.4%,22.4%,50.1%
5101,5000,10.7%,14.0%,8.4%,26.1%,40.8%
5103,5000,15.1%,9.7%,6.0%,24.2%,44.9%
5105,5000,9.8%,5.1%,8.0%,36.7%,40.4%
5107,5000,5.2%,6.1%,13.4%,27.6%,47.7%
5109,5000,6.4%,6.1%,20.0%,17.6%,50.1%
5111,5000,7.7%,9.8%,14.1%,28.7%,39.7%
5113,5000,18.0%,8.0%,21.7%,7.6%,44.6%
5115,5000,8.2%,15.1%,18.1%,28.5%,30.2%
5117,5000,6.2%,17.0%,10.3%,27.3%,39.1%
5119,5000,2.8%,2.7%,12.6%,17.5%,64.4%
5121,5000,5.1%,14.5%,20.3%,28.9%,31.1%
5123,5000,8.7%,0.7%,28.9%,26.7%,35.0%
5125,5000,6.6%,4.4%,15.4%,21.2%,52.4%
5127,5000,15.5%,14.0%,12.4%,12.3%,45.8%
5129,5000,10.0%,8.8%,12.5%,14.9%,53.8%
5131,5000,12.1%,14.2%,15.7%,20.8%,37.2%
5133,5000,12.0%,9.3%,15.5%,16.5%,46.7%
5135,5000,6.7%,15.8%,22.0%,22.2%,33.3%
5137,5000,6.7%,9.2%,11.0%,23.4%,49.8%
5139,5000,11.6%,17.9%,9.8%,26.2%,34.4%
5141,5000,3.3%,6.0%,9.6%,27.2%,53.9%
5143,5000,3.4%,2.8%,10.1%,18.6%,65.1%
5145,5000,2.6%,5.4%,15.2%,27.7%,49.1%
5147,5000,5.9%,4.8%,20.8%,23.1%,45.4%
5149,5000,11.6%,10.0%,11.2%,19.8%,47.4%
6001,6000,1.9%,0.8%,5.5%,12.3%,79.5%
6003,6000,2.5%,8.5%,8.8%,19.0%,61.2%
6005,6000,4.5%,1.3%,9.9%,18.8%,65.5%
6007,6000,1.5%,4.3%,11.1%,20.4%,62.6%
6009,6000,4.5%,1.9%,9.8%,27.6%,56.2%
6011,6000,2.7%,3.1%,9.2%,15.1%,70.0%
6013,6000,1.8%,1.6%,3.9%,12.1%,80.6%
6015,6000,1.0%,13.5%,11.2%,19.6%,54.7%
6017,6000,2.8%,4.2%,7.2%,18.3%,67.5%
6019,6000,2.1%,2.2%,5.9%,15.6%,74.1%
6021,6000,2.8%,2.6%,14.6%,20.6%,59.4%
6023,6000,4.2%,0.6%,1.8%,6.9%,86.5%
6025,6000,0.1%,0.5%,3.0%,12.8%,83.6%
6027,6000,3.3%,1.1%,0.8%,5.8%,88.9%
6029,6000,2.2%,2.8%,10.5%,17.7%,66.8%
6031,6000,7.5%,1.6%,4.9%,9.4%,76.6%
6033,6000,0.3%,0.4%,0.7%,13.6%,84.9%
6035,6000,6.4%,6.8%,16.2%,22.5%,48.2%
6037,6000,2.1%,1.3%,4.9%,13.1%,78.6%
6039,6000,1.9%,5.9%,4.8%,12.4%,75.1%
6041,6000,1.1%,0.0%,4.6%,14.1%,80.2%
6043,6000,1.0%,9.4%,4.9%,18.6%,66.1%
6045,6000,0.2%,0.3%,0.4%,22.2%,77.0%
6047,6000,2.6%,3.6%,8.9%,14.6%,70.3%
6049,6000,6.8%,1.9%,9.5%,20.4%,61.5%
6051,6000,1.1%,2.6%,1.2%,7.0%,88.0%
6053,6000,2.3%,0.6%,6.6%,14.1%,76.3%
6055,6000,1.7%,2.6%,3.3%,14.9%,77.3%
6057,6000,0.3%,5.4%,8.4%,17.7%,68.2%
6059,6000,2.3%,2.1%,4.6%,15.6%,75.4%
6061,6000,1.2%,2.3%,7.2%,20.1%,69.3%
6063,6000,6.3%,6.7%,5.3%,14.6%,67.1%
6065,6000,2.6%,1.4%,4.1%,11.6%,80.3%
6067,6000,2.5%,2.8%,6.2%,16.4%,72.2%
6069,6000,1.8%,0.4%,6.3%,17.5%,73.9%
6071,6000,2.7%,2.2%,4.8%,13.4%,76.8%
6073,6000,1.7%,2.3%,3.4%,12.6%,80.0%
6075,6000,1.7%,1.1%,3.5%,12.1%,81.7%
6077,6000,5.4%,1.9%,8.1%,16.5%,68.0%
6079,6000,2.5%,2.4%,3.7%,16.9%,74.5%
6081,6000,1.6%,1.3%,5.8%,12.6%,78.6%
6083,6000,1.5%,2.0%,7.5%,15.3%,73.7%
6085,6000,1.5%,1.4%,4.0%,16.8%,76.4%
6087,6000,0.8%,0.0%,8.6%,10.9%,79.7%
6089,6000,9.5%,5.6%,7.1%,23.2%,54.7%
6091,6000,14.0%,5.3%,4.7%,14.3%,61.7%
6093,6000,13.2%,7.4%,8.2%,16.7%,54.6%
6095,6000,4.3%,4.6%,3.5%,14.8%,72.8%
6097,6000,2.2%,1.2%,2.2%,14.9%,79.5%
6099,6000,3.2%,2.8%,6.2%,17.3%,70.5%
6101,6000,5.8%,3.1%,8.0%,16.3%,66.9%
6103,6000,5.7%,6.2%,14.1%,19.5%,54.5%
6105,6000,8.1%,7.0%,5.5%,20.1%,59.2%
6107,6000,2.5%,3.9%,11.5%,13.6%,68.5%
6109,6000,0.8%,4.3%,8.4%,21.2%,65.3%
6111,6000,2.4%,1.1%,3.3%,15.6%,77.7%
6113,6000,0.7%,0.5%,4.0%,15.6%,79.1%
6115,6000,5.7%,3.5%,7.1%,16.7%,66.9%
8001,8000,3.2%,2.7%,7.1%,18.5%,68.5%
8003,8000,5.2%,13.3%,9.4%,22.8%,49.3%
8005,8000,1.3%,2.6%,6.5%,19.3%,70.3%
8007,8000,4.1%,4.1%,15.5%,27.6%,48.8%
8009,8000,11.3%,5.3%,19.4%,20.6%,43.5%
8011,8000,3.3%,3.6%,17.2%,19.1%,56.7%
8013,8000,0.8%,1.5%,3.2%,19.5%,75.0%
8014,8000,1.8%,0.5%,4.2%,20.1%,73.4%
8015,8000,3.8%,4.5%,13.4%,13.8%,64.5%
8017,8000,1.6%,18.7%,10.6%,39.8%,29.2%
8019,8000,0.2%,1.5%,13.8%,12.3%,72.3%
8021,8000,6.0%,10.6%,9.3%,19.5%,54.5%
8023,8000,3.4%,7.2%,7.6%,17.5%,64.4%
8025,8000,0.2%,3.4%,8.0%,29.4%,59.0%
8027,8000,1.7%,9.8%,15.3%,23.4%,49.8%
8029,8000,8.7%,9.4%,7.4%,29.5%,45.0%
8031,8000,2.0%,1.8%,6.2%,19.4%,70.7%
8033,8000,5.2%,3.9%,6.6%,25.2%,59.1%
8035,8000,1.3%,4.1%,8.1%,19.2%,67.3%
8037,8000,0.8%,0.3%,3.3%,26.9%,68.7%
8039,8000,1.6%,4.4%,19.0%,24.6%,50.5%
8041,8000,3.1%,8.9%,8.1%,19.6%,60.3%
8043,8000,0.6%,6.9%,6.2%,20.0%,66.3%
8045,8000,6.5%,4.0%,3.7%,32.6%,53.2%
8047,8000,0.1%,2.7%,1.7%,17.0%,78.5%
8049,8000,0.6%,0.2%,5.0%,18.7%,75.4%
8051,8000,5.7%,3.9%,4.3%,28.1%,58.1%
8053,8000,4.3%,5.0%,11.7%,27.1%,51.9%
8055,8000,2.8%,5.1%,5.1%,27.5%,59.5%
8057,8000,2.1%,2.7%,9.0%,34.2%,52.0%
8059,8000,2.8%,3.1%,7.5%,19.4%,67.3%
8061,8000,2.8%,5.1%,15.9%,27.0%,49.2%
8063,8000,2.4%,32.3%,11.9%,34.4%,19.0%
8065,8000,0.2%,1.6%,3.6%,19.3%,75.3%
8067,8000,4.3%,2.0%,12.2%,27.4%,54.1%
8069,8000,1.3%,3.7%,6.0%,23.1%,65.9%
8071,8000,5.2%,3.0%,10.1%,17.0%,64.8%
8073,8000,1.3%,6.8%,19.6%,40.3%,32.1%
8075,8000,7.8%,20.2%,10.1%,36.8%,25.1%
8077,8000,7.5%,10.5%,9.8%,22.2%,49.9%
8079,8000,4.9%,7.2%,13.8%,26.4%,47.8%
8081,8000,4.1%,14.2%,16.2%,28.4%,37.1%
8083,8000,5.7%,1.9%,8.1%,25.7%,58.6%
8085,8000,8.5%,9.2%,7.4%,31.4%,43.6%
8087,8000,8.3%,16.1%,11.6%,24.5%,39.6%
8089,8000,0.4%,4.7%,10.2%,19.4%,65.3%
8091,8000,6.0%,8.0%,6.9%,29.5%,49.5%
8093,8000,2.1%,1.8%,10.3%,13.7%,72.2%
8095,8000,5.0%,19.0%,13.7%,25.5%,36.8%
8097,8000,1.9%,1.4%,1.6%,31.8%,63.3%
8099,8000,7.9%,4.6%,20.5%,20.1%,46.9%
8101,8000,1.8%,4.4%,7.4%,28.0%,58.4%
8103,8000,11.1%,9.2%,7.4%,26.5%,45.8%
8105,8000,6.1%,14.4%,11.0%,24.2%,44.4%
8107,8000,0.8%,3.6%,9.2%,37.5%,48.9%
8109,8000,6.5%,12.2%,13.8%,23.2%,44.3%
8111,8000,3.2%,3.8%,9.7%,27.0%,56.3%
8113,8000,4.3%,5.8%,7.4%,26.0%,56.5%
8115,8000,6.5%,16.2%,13.8%,26.7%,36.8%
8117,8000,0.0%,0.1%,6.4%,15.1%,78.4%
8119,8000,10.5%,8.7%,6.6%,14.5%,59.7%
8121,8000,7.7%,20.8%,10.1%,30.3%,31.0%
8123,8000,4.6%,3.8%,13.5%,23.1%,55.0%
8125,8000,3.8%,28.4%,13.3%,25.5%,29.0%
9001,9000,2.7%,1.9%,6.0%,11.4%,78.0%
9003,9000,1.5%,2.3%,6.5%,13.0%,76.7%
9005,9000,1.7%,5.1%,2.1%,9.8%,81.2%
9007,9000,0.3%,0.7%,5.5%,12.8%,80.7%
9009,9000,2.3%,1.4%,5.3%,11.5%,79.5%
9011,9000,2.5%,2.1%,6.6%,14.2%,74.7%
9013,9000,0.8%,0.8%,2.7%,14.7%,81.0%
9015,9000,2.2%,4.1%,8.2%,13.7%,71.8%
10001,10000,2.6%,0.6%,10.6%,5.1%,81.1%
10003,10000,2.7%,1.3%,4.1%,13.3%,78.6%
10005,10000,0.5%,0.1%,3.5%,10.3%,85.6%
11001,11000,1.2%,1.3%,6.9%,16.4%,74.3%
12001,12000,0.1%,2.4%,5.3%,17.0%,75.1%
12003,12000,8.7%,7.6%,18.0%,21.5%,44.2%
12005,12000,6.5%,10.9%,7.6%,20.2%,54.8%
12007,12000,10.6%,16.8%,17.2%,17.3%,38.1%
12009,12000,6.8%,7.3%,9.6%,15.7%,60.7%
12011,12000,2.6%,2.3%,4.3%,11.7%,79.1%
12013,12000,3.4%,5.5%,13.8%,26.7%,50.7%
12015,12000,5.1%,4.9%,10.1%,15.8%,64.0%
12017,12000,9.0%,3.6%,8.7%,17.8%,60.9%
12019,12000,5.5%,6.7%,15.0%,20.9%,52.0%
12021,12000,4.0%,2.3%,6.7%,21.2%,65.8%
12023,12000,4.7%,2.6%,28.8%,25.4%,38.5%
12027,12000,2.3%,6.4%,5.6%,14.2%,71.5%
12029,12000,7.1%,9.5%,11.9%,31.8%,39.7%
12031,12000,4.9%,4.2%,8.6%,19.4%,62.9%
12033,12000,1.9%,5.2%,9.5%,31.0%,52.4%
12035,12000,7.9%,5.0%,11.3%,15.7%,60.2%
12037,12000,2.2%,10.1%,23.7%,22.8%,41.2%
12039,12000,6.0%,3.3%,10.4%,22.7%,57.5%
12041,12000,1.6%,15.1%,6.9%,32.4%,44.0%
12043,12000,4.7%,8.2%,9.8%,9.6%,67.7%
12045,12000,4.6%,12.5%,12.0%,24.9%,46.0%
12047,12000,10.1%,7.1%,23.5%,22.7%,36.5%
12049,12000,11.4%,4.1%,17.9%,18.6%,48.0%
12051,12000,4.6%,4.2%,11.2%,15.0%,65.0%
12053,12000,9.0%,4.0%,9.1%,19.0%,58.9%
12055,12000,2.5%,5.6%,14.5%,13.8%,63.5%
12057,12000,2.3%,3.1%,6.9%,15.5%,72.2%
12059,12000,17.0%,7.7%,8.1%,11.1%,56.2%
12061,12000,5.4%,6.5%,8.2%,19.3%,60.7%
12063,12000,6.4%,10.8%,12.9%,17.4%,52.6%
12065,12000,1.9%,1.7%,9.9%,18.3%,68.2%
12067,12000,10.2%,8.1%,22.0%,20.8%,38.9%
12069,12000,4.7%,6.2%,7.4%,18.5%,63.2%
12071,12000,5.2%,5.0%,7.3%,17.6%,64.8%
12073,12000,5.1%,2.2%,7.1%,15.6%,70.0%
12075,12000,1.7%,13.2%,7.2%,18.7%,59.2%
12077,12000,2.2%,2.3%,20.5%,26.8%,48.2%
12079,12000,16.4%,8.5%,14.8%,26.4%,34.0%
12081,12000,7.4%,3.7%,6.2%,20.1%,62.6%
12083,12000,4.6%,8.7%,12.1%,20.3%,54.3%
12085,12000,2.7%,1.8%,6.6%,16.9%,71.9%
12086,12000,3.2%,2.3%,6.0%,12.8%,75.6%
12087,12000,0.7%,0.1%,1.4%,15.9%,81.9%
12089,12000,9.0%,7.0%,14.7%,22.3%,47.0%
12091,12000,9.1%,8.3%,14.7%,21.0%,46.9%
12093,12000,1.6%,3.4%,6.4%,17.1%,71.5%
12095,12000,2.0%,2.0%,7.2%,16.4%,72.4%
12097,12000,2.5%,2.2%,5.8%,17.6%,72.0%
12099,12000,3.0%,2.0%,5.0%,11.6%,78.4%
12101,12000,2.7%,2.9%,5.5%,17.9%,70.9%
12103,12000,2.5%,1.9%,7.4%,13.3%,75.0%
12105,12000,5.0%,6.3%,8.5%,17.2%,63.0%
12107,12000,6.8%,5.0%,11.4%,18.6%,58.1%
12109,12000,4.7%,7.1%,9.7%,22.3%,56.1%
12111,12000,7.7%,2.2%,8.0%,17.3%,64.8%
12113,12000,4.7%,6.8%,16.6%,26.5%,45.3%
12115,12000,1.7%,3.1%,7.3%,17.5%,70.4%
12117,12000,3.7%,3.9%,6.6%,14.1%,71.7%
12119,12000,3.7%,3.6%,6.4%,23.5%,62.8%
12121,12000,10.5%,5.5%,24.4%,22.7%,36.9%
12123,12000,10.3%,8.6%,19.0%,14.5%,47.6%
12125,12000,4.4%,4.0%,17.6%,26.7%,47.3%
12127,12000,3.5%,6.6%,8.9%,19.2%,61.8%
12129,12000,3.2%,9.2%,17.2%,27.5%,42.9%
12131,12000,9.2%,6.0%,9.2%,24.4%,51.2%
12133,12000,13.8%,8.5%,6.2%,15.8%,55.7%
13001,13000,8.5%,11.7%,23.0%,15.2%,41.6%
13003,13000,5.9%,10.0%,17.9%,21.7%,44.5%
13005,13000,7.1%,13.2%,18.7%,18.8%,42.1%
13007,13000,2.7%,4.8%,5.4%,12.7%,74.3%
13009,13000,2.0%,8.9%,10.7%,29.0%,49.4%
13011,13000,13.6%,10.3%,12.5%,23.8%,39.9%
13013,13000,6.3%,8.6%,9.2%,19.0%,56.8%
13015,13000,21.5%,5.0%,12.3%,14.3%,47.0%
13017,13000,12.9%,7.8%,10.9%,20.2%,48.3%
13019,13000,7.3%,9.8%,15.6%,21.4%,46.0%
13021,13000,4.3%,9.4%,17.6%,20.1%,48.7%
13023,13000,8.9%,3.1%,11.7%,25.6%,50.8%
13025,13000,4.7%,12.9%,15.0%,16.4%,51.0%
13027,13000,9.2%,16.5%,12.4%,23.5%,38.5%
13029,13000,3.3%,3.9%,9.5%,23.8%,59.5%
13031,13000,5.3%,4.9%,16.3%,31.0%,42.4%
13033,13000,10.5%,10.9%,8.7%,20.8%,49.2%
13035,13000,12.5%,3.7%,14.4%,16.3%,53.0%
13037,13000,1.3%,3.5%,4.3%,17.2%,73.7%
13039,13000,13.6%,12.5%,17.0%,11.3%,45.6%
13043,13000,3.7%,4.5%,17.7%,26.4%,47.7%
13045,13000,8.9%,13.3%,15.4%,16.8%,45.7%
13047,13000,14.3%,15.2%,11.4%,21.7%,37.5%
13049,13000,6.5%,9.4%,15.0%,19.6%,49.5%
13051,13000,3.5%,4.0%,14.4%,15.8%,62.4%
13053,13000,6.1%,7.2%,10.8%,21.4%,54.5%
13055,13000,11.6%,10.2%,18.7%,14.3%,45.1%
13057,13000,4.9%,5.4%,10.0%,21.3%,58.4%
13059,13000,5.4%,5.7%,6.0%,22.6%,60.3%
13061,13000,2.8%,6.6%,12.0%,22.3%,56.2%
13063,13000,3.8%,5.4%,12.5%,15.9%,62.4%
13065,13000,6.0%,5.8%,13.4%,16.8%,58.0%
13067,13000,3.9%,4.9%,11.6%,22.5%,57.2%
13069,13000,8.5%,12.4%,16.4%,22.2%,40.4%
13071,13000,10.8%,19.1%,7.4%,23.3%,39.4%
13073,13000,6.1%,6.4%,9.5%,23.4%,54.7%
13075,13000,9.8%,13.4%,12.3%,20.3%,44.1%
13077,13000,10.5%,5.3%,18.3%,20.4%,45.5%
13079,13000,5.7%,5.1%,23.1%,19.2%,46.8%
13081,13000,11.9%,2.3%,6.0%,16.3%,63.5%
13083,13000,12.8%,22.2%,13.0%,24.9%,27.0%
13085,13000,4.9%,9.0%,12.8%,16.2%,57.1%
13087,13000,9.3%,4.0%,17.1%,18.0%,51.6%
13089,13000,3.6%,2.8%,7.5%,15.6%,70.4%
13091,13000,14.5%,2.5%,15.0%,23.6%,44.3%
13093,13000,7.7%,3.4%,5.8%,20.4%,62.7%
13095,13000,3.3%,3.7%,4.5%,15.9%,72.6%
13097,13000,8.3%,3.7%,9.0%,19.8%,59.1%
13099,13000,4.5%,6.2%,15.6%,25.3%,48.5%
13101,13000,9.7%,7.3%,18.2%,20.2%,44.6%
13103,13000,4.4%,6.4%,14.5%,27.2%,47.5%
13105,13000,13.2%,17.7%,8.1%,10.7%,50.3%
13107,13000,6.2%,4.4%,14.2%,25.2%,50.0%
13109,13000,3.0%,7.8%,22.9%,29.0%,37.2%
13111,13000,7.5%,8.8%,12.5%,11.2%,60.0%
13113,13000,6.0%,8.6%,13.1%,21.8%,50.5%
13115,13000,18.6%,3.6%,23.4%,14.8%,39.5%
13117,13000,3.5%,4.8%,8.3%,19.3%,64.1%
13119,13000,16.8%,7.4%,11.7%,21.5%,42.5%
13121,13000,2.6%,3.6%,8.9%,18.7%,66.2%
13123,13000,12.8%,4.2%,8.7%,19.8%,54.5%
13125,13000,15.6%,6.6%,10.7%,13.0%,54.1%
13127,13000,4.8%,7.1%,14.5%,25.1%,48.5%
13129,13000,17.2%,10.0%,20.1%,15.7%,36.9%
13131,13000,6.3%,13.9%,11.6%,26.4%,41.7%
13133,13000,6.2%,4.6%,5.7%,17.6%,65.8%
13135,13000,3.6%,5.4%,8.1%,19.0%,63.9%
13137,13000,6.3%,10.0%,11.6%,29.2%,43.0%
13139,13000,6.1%,6.9%,12.8%,19.8%,54.5%
13141,13000,4.3%,11.1%,10.2%,16.8%,57.5%
13143,13000,18.4%,12.3%,16.5%,18.4%,34.5%
13145,13000,9.3%,8.1%,6.1%,21.3%,55.1%
13147,13000,9.2%,6.1%,14.0%,20.7%,50.0%
13149,13000,12.6%,9.4%,16.6%,14.4%,47.1%
13151,13000,10.3%,4.8%,9.1%,18.1%,57.8%
13153,13000,3.2%,7.9%,13.6%,17.2%,58.1%
13155,13000,9.8%,9.1%,12.6%,22.4%,46.0%
13157,13000,12.5%,8.5%,11.7%,24.0%,43.4%
13159,13000,8.2%,5.9%,18.1%,11.8%,56.0%
13161,13000,12.4%,13.8%,16.5%,18.3%,39.0%
13163,13000,25.1%,5.5%,9.9%,10.2%,49.3%
13165,13000,11.4%,5.3%,8.4%,26.1%,48.8%
13167,13000,11.9%,5.3%,10.9%,25.1%,46.8%
13169,13000,4.9%,8.7%,22.6%,20.9%,43.0%
13171,13000,7.0%,6.0%,17.1%,29.3%,40.6%
13173,13000,10.2%,7.0%,14.5%,18.1%,50.2%
13175,13000,12.2%,5.6%,14.1%,29.1%,39.1%
13177,13000,3.5%,3.3%,3.9%,16.2%,73.2%
13179,13000,0.7%,9.9%,6.6%,21.5%,61.4%
13181,13000,7.3%,10.4%,11.1%,23.3%,47.9%
13183,13000,1.4%,11.9%,8.6%,15.9%,62.1%
13185,13000,10.8%,10.1%,14.9%,20.8%,43.5%
13187,13000,3.5%,8.6%,13.0%,24.5%,50.4%
13189,13000,7.2%,5.3%,12.3%,26.5%,48.8%
13191,13000,3.4%,7.6%,18.8%,22.1%,48.1%
13193,13000,7.8%,4.9%,11.3%,21.0%,55.0%
13195,13000,16.5%,8.4%,5.5%,18.6%,51.1%
13197,13000,8.4%,12.0%,16.7%,19.6%,43.3%
13199,13000,10.9%,8.6%,13.8%,15.0%,51.7%
13201,13000,6.4%,5.6%,18.2%,15.9%,53.9%
13205,13000,4.4%,11.2%,5.5%,15.9%,63.0%
13207,13000,7.2%,3.5%,18.4%,25.3%,45.5%
13209,13000,11.4%,8.3%,17.4%,22.8%,40.1%
13211,13000,6.1%,6.4%,9.3%,16.8%,61.4%
13213,13000,19.3%,3.0%,18.2%,17.7%,41.7%
13215,13000,6.3%,7.3%,8.3%,22.5%,55.5%
13217,13000,9.4%,7.6%,12.3%,20.7%,50.0%
13219,13000,4.9%,6.3%,9.5%,18.1%,61.1%
13221,13000,5.6%,8.2%,5.4%,18.1%,62.7%
13223,13000,9.7%,6.8%,10.8%,23.3%,49.4%
13225,13000,2.7%,7.4%,17.2%,16.0%,56.7%
13227,13000,3.8%,11.8%,10.1%,18.8%,55.5%
13229,13000,5.0%,14.3%,12.7%,15.7%,52.2%
13231,13000,5.9%,6.0%,14.7%,19.2%,54.2%
13233,13000,10.6%,7.1%,19.2%,14.5%,48.5%
13235,13000,7.9%,3.1%,9.8%,21.8%,57.5%
13237,13000,5.9%,9.3%,11.8%,21.4%,51.6%
13239,13000,5.3%,15.0%,9.5%,16.3%,53.8%
13241,13000,10.0%,8.3%,12.4%,22.9%,46.4%
13243,13000,1.6%,6.5%,5.0%,20.0%,66.9%
13245,13000,6.8%,5.9%,11.4%,18.0%,57.8%
13247,13000,5.8%,7.8%,11.5%,21.6%,53.4%
13249,13000,7.0%,10.2%,11.7%,21.4%,49.7%
13251,13000,19.8%,6.9%,8.1%,24.2%,41.0%
13253,13000,7.3%,7.9%,20.2%,13.5%,51.0%
13255,13000,7.2%,3.8%,17.9%,20.2%,50.9%
13257,13000,8.7%,11.6%,11.6%,31.0%,37.0%
13259,13000,5.5%,9.2%,13.3%,20.3%,51.7%
13261,13000,5.5%,5.6%,4.6%,20.2%,64.1%
13263,13000,16.8%,8.0%,8.9%,17.1%,49.2%
13265,13000,6.5%,4.8%,8.6%,15.8%,64.4%
13267,13000,5.1%,7.6%,21.4%,22.4%,43.4%
13269,13000,12.6%,6.9%,18.2%,20.1%,42.2%
13271,13000,15.6%,7.5%,13.4%,20.8%,42.7%
13273,13000,1.9%,2.9%,3.0%,16.7%,75.5%
13275,13000,2.6%,9.6%,12.0%,22.8%,53.0%
13277,13000,6.6%,8.8%,12.2%,22.7%,49.6%
13279,13000,9.7%,6.9%,17.9%,22.6%,42.9%
13281,13000,7.6%,9.6%,9.8%,19.9%,53.1%
13283,13000,9.6%,7.0%,16.8%,26.7%,39.9%
13285,13000,17.5%,3.1%,11.9%,17.8%,49.7%
13287,13000,14.1%,4.2%,9.4%,17.5%,54.7%
13289,13000,4.0%,7.7%,18.8%,14.8%,54.7%
13291,13000,6.5%,11.9%,8.7%,16.8%,56.0%
13293,13000,16.0%,10.0%,11.4%,20.6%,42.1%
13295,13000,14.4%,16.4%,11.7%,21.0%,36.6%
13297,13000,10.6%,12.7%,18.4%,14.1%,44.2%
13299,13000,6.1%,10.8%,10.9%,16.6%,55.6%
13301,13000,9.5%,6.5%,14.0%,22.6%,47.4%
13303,13000,10.4%,7.0%,5.3%,15.7%,61.7%
13305,13000,2.9%,13.9%,14.3%,13.9%,55.0%
13307,13000,1.9%,6.4%,10.3%,21.0%,60.3%
13309,13000,13.5%,7.8%,16.2%,23.0%,39.5%
13311,13000,5.7%,6.4%,9.9%,34.7%,43.3%
13313,13000,18.5%,6.8%,20.3%,14.2%,40.3%
13315,13000,17.3%,1.7%,8.3%,15.7%,56.9%
13317,13000,8.0%,8.6%,11.4%,17.2%,54.8%
13319,13000,3.9%,6.2%,14.1%,22.4%,53.4%
13321,13000,6.9%,5.6%,8.3%,18.7%,60.5%
15001,15000,1.0%,3.2%,3.7%,12.2%,79.9%
15003,15000,1.1%,1.2%,2.7%,15.1%,79.8%
15005,15000,2.6%,1.3%,3.2%,8.0%,85.0%
15007,15000,0.0%,2.1%,4.6%,10.8%,82.5%
15009,15000,3.4%,1.6%,2.5%,12.2%,80.3%
16001,16000,11.8%,7.8%,8.4%,19.4%,52.6%
16003,16000,9.4%,21.6%,21.8%,21.8%,25.4%
16005,16000,8.4%,19.3%,17.6%,19.5%,35.2%
16007,16000,15.1%,12.0%,10.2%,24.3%,38.5%
16009,16000,3.8%,5.9%,15.0%,15.2%,60.1%
16011,16000,9.5%,19.7%,17.5%,22.9%,30.4%
16013,16000,15.5%,10.7%,10.2%,13.0%,50.6%
16015,16000,5.7%,3.8%,3.8%,54.9%,31.8%
16017,16000,8.8%,11.6%,11.9%,24.1%,43.6%
16019,16000,9.6%,20.2%,18.8%,24.7%,26.8%
16021,16000,4.5%,17.1%,6.1%,18.5%,53.7%
16023,16000,10.7%,21.3%,15.9%,22.2%,29.8%
16025,16000,18.6%,3.0%,4.7%,9.8%,63.9%
16027,16000,11.3%,9.5%,17.0%,24.0%,38.1%
16029,16000,10.0%,18.1%,19.1%,20.2%,32.6%
16031,16000,13.4%,22.3%,10.2%,14.9%,39.2%
16033,16000,11.9%,22.8%,19.6%,23.9%,21.8%
16035,16000,3.7%,11.2%,12.7%,25.0%,47.5%
16037,16000,6.9%,2.9%,19.9%,24.4%,45.8%
16039,16000,20.6%,4.4%,3.8%,17.3%,53.9%
16041,16000,13.1%,11.8%,8.5%,25.6%,41.0%
16043,16000,11.1%,20.6%,20.2%,24.7%,23.3%
16045,16000,11.9%,13.6%,11.1%,19.8%,43.6%
16047,16000,21.1%,20.2%,8.9%,15.3%,34.5%
16049,16000,4.5%,9.4%,16.4%,27.5%,42.3%
16051,16000,9.9%,20.8%,19.2%,24.9%,25.2%
16053,16000,17.5%,21.9%,9.6%,16.7%,34.3%
16055,16000,14.6%,10.5%,17.0%,22.0%,35.9%
16057,16000,0.2%,1.2%,6.6%,32.8%,59.2%
16059,16000,10.9%,17.3%,23.1%,12.5%,36.2%
16061,16000,2.7%,7.3%,15.7%,28.5%,45.9%
16063,16000,18.0%,20.0%,10.5%,13.5%,37.9%
16065,16000,10.1%,20.7%,19.6%,25.0%,24.5%
16067,16000,13.4%,21.9%,10.6%,15.2%,39.0%
16069,16000,0.9%,3.0%,11.7%,32.6%,51.7%
16071,16000,8.3%,17.3%,15.3%,18.5%,40.6%
16073,16000,12.3%,13.7%,14.6%,17.1%,42.3%
16075,16000,8.1%,19.9%,17.4%,24.2%,30.4%
16077,16000,7.8%,20.5%,15.2%,18.5%,38.1%
16079,16000,6.8%,14.4%,29.9%,14.7%,34.2%
16081,16000,9.9%,18.9%,19.0%,25.0%,27.2%
16083,16000,16.6%,22.2%,10.1%,17.7%,33.5%
16085,16000,4.1%,11.8%,10.2%,37.8%,36.1%
16087,16000,13.6%,13.0%,32.4%,17.2%,23.9%
17001,17000,18.0%,9.2%,18.9%,19.0%,35.0%
17003,17000,11.0%,8.2%,14.8%,26.2%,39.8%
17005,17000,7.0%,5.5%,10.8%,21.8%,54.9%
17007,17000,2.5%,0.6%,6.5%,24.4%,66.0%
17009,17000,18.0%,9.9%,13.6%,20.0%,38.5%
17011,17000,1.2%,1.9%,15.6%,20.8%,60.5%
17013,17000,8.2%,6.0%,21.9%,36.6%,27.3%
17015,17000,3.0%,6.4%,12.0%,19.0%,59.6%
17017,17000,10.3%,8.0%,19.0%,18.7%,44.1%
17019,17000,0.0%,6.7%,8.0%,19.2%,66.1%
17021,17000,5.9%,5.7%,9.1%,19.0%,60.3%
17023,17000,12.7%,8.9%,10.7%,22.6%,45.1%
17025,17000,6.2%,11.5%,14.5%,30.6%,37.2%
17027,17000,10.2%,6.3%,8.3%,16.6%,58.7%
17029,17000,11.2%,5.5%,20.1%,22.1%,41.1%
17031,17000,2.3%,2.1%,7.2%,16.2%,72.2%
17033,17000,14.6%,19.6%,4.7%,21.9%,39.2%
17035,17000,9.5%,7.5%,19.4%,21.2%,42.4%
17037,17000,0.7%,1.2%,3.4%,19.1%,75.6%
17039,17000,3.5%,10.6%,7.3%,28.0%,50.7%
17041,17000,4.8%,6.1%,10.5%,19.1%,59.4%
17043,17000,1.0%,1.0%,5.6%,16.3%,76.0%
17045,17000,17.4%,9.0%,13.1%,20.8%,39.8%
17047,17000,8.6%,14.8%,23.3%,30.6%,22.8%
17049,17000,7.2%,7.2%,21.4%,23.2%,41.0%
17051,17000,6.9%,7.6%,15.6%,22.9%,47.0%
17053,17000,1.1%,8.2%,16.7%,17.2%,56.7%
17055,17000,9.9%,16.6%,11.9%,21.1%,40.5%
17057,17000,1.6%,3.0%,31.1%,19.9%,44.4%
17059,17000,20.1%,6.0%,12.8%,23.8%,37.3%
17061,17000,13.6%,2.9%,10.9%,21.7%,50.8%
17063,17000,5.6%,5.6%,10.5%,18.3%,59.9%
17065,17000,13.8%,17.9%,10.0%,21.0%,37.3%
17067,17000,14.7%,15.4%,12.5%,16.3%,41.1%
17069,17000,16.3%,7.2%,23.5%,19.1%,34.0%
17071,17000,9.6%,4.4%,10.1%,15.5%,60.4%
17073,17000,6.7%,7.2%,6.1%,20.3%,59.7%
17075,17000,9.7%,16.8%,6.9%,24.2%,42.4%
17077,17000,6.6%,7.8%,15.1%,20.9%,49.6%
17079,17000,9.9%,13.5%,13.1%,25.4%,38.0%
17081,17000,12.2%,12.6%,8.0%,27.9%,39.3%
17083,17000,7.4%,7.9%,12.4%,18.5%,53.7%
17085,17000,3.4%,10.4%,22.0%,17.8%,46.5%
17087,17000,12.4%,5.0%,18.9%,14.1%,49.6%
17089,17000,1.3%,2.6%,4.8%,16.5%,74.8%
17091,17000,4.4%,8.4%,9.6%,24.9%,52.7%
17093,17000,0.1%,0.9%,6.5%,13.6%,78.8%
17095,17000,3.5%,3.1%,19.4%,24.6%,49.4%
17097,17000,2.0%,1.8%,4.6%,14.6%,76.9%
17099,17000,1.8%,4.6%,11.3%,26.7%,55.6%
17101,17000,19.7%,15.7%,10.5%,28.1%,26.0%
17103,17000,1.3%,5.4%,5.8%,22.4%,65.0%
17105,17000,3.0%,14.7%,8.0%,23.4%,51.0%
17107,17000,4.6%,4.5%,23.0%,12.8%,55.1%
17109,17000,4.1%,9.1%,9.7%,18.2%,59.0%
17111,17000,3.0%,1.2%,6.6%,17.6%,71.6%
17113,17000,8.5%,6.2%,9.1%,20.1%,56.1%
17115,17000,1.6%,6.2%,8.8%,28.6%,54.9%
17117,17000,1.5%,5.0%,14.7%,22.7%,56.1%
17119,17000,3.5%,4.5%,8.3%,18.9%,64.8%
17121,17000,10.0%,9.3%,10.1%,30.2%,40.4%
17123,17000,4.8%,8.3%,13.3%,19.8%,53.8%
17125,17000,23.8%,3.1%,29.2%,12.6%,31.3%
17127,17000,9.7%,4.3%,23.2%,25.6%,37.3%
17129,17000,10.2%,4.7%,13.8%,17.2%,54.0%
17131,17000,3.9%,6.6%,11.0%,21.5%,57.1%
17133,17000,0.3%,4.0%,11.2%,17.4%,67.0%
17135,17000,1.8%,5.0%,9.1%,31.6%,52.5%
17137,17000,5.0%,6.2%,17.7%,17.8%,53.3%
17139,17000,8.1%,7.3%,21.3%,24.3%,39.0%
17141,17000,5.3%,4.5%,12.9%,18.4%,58.9%
17143,17000,3.9%,3.6%,9.6%,25.1%,57.7%
17145,17000,5.5%,9.2%,10.4%,35.8%,39.2%
17147,17000,0.3%,5.2%,6.0%,19.8%,68.8%
17149,17000,13.8%,7.9%,21.8%,20.5%,36.0%
17151,17000,10.4%,5.4%,21.3%,21.4%,41.5%
17153,17000,11.7%,6.4%,18.9%,22.5%,40.5%
17155,17000,2.1%,2.5%,16.8%,25.1%,53.5%
17157,17000,0.8%,3.2%,11.7%,39.1%,45.2%
17159,17000,11.1%,15.1%,10.7%,30.0%,33.1%
17161,17000,7.8%,2.5%,6.6%,23.5%,59.6%
17163,17000,3.2%,2.7%,3.7%,13.8%,76.7%
17165,17000,11.7%,10.6%,11.1%,20.4%,46.2%
17167,17000,1.7%,3.0%,15.5%,23.3%,56.4%
17169,17000,13.2%,10.0%,15.2%,19.8%,41.7%
17171,17000,11.3%,5.7%,14.8%,16.2%,52.0%
17173,17000,7.0%,4.7%,16.8%,24.5%,46.9%
17175,17000,1.3%,10.1%,5.8%,15.5%,67.2%
17177,17000,3.6%,5.9%,4.1%,22.2%,64.4%
17179,17000,4.4%,4.0%,14.1%,21.5%,56.0%
17181,17000,10.0%,7.8%,16.2%,19.5%,46.6%
17183,17000,2.3%,11.9%,8.8%,26.6%,50.4%
17185,17000,7.8%,11.3%,27.1%,32.5%,21.2%
17187,17000,4.2%,2.0%,14.1%,27.6%,52.2%
17189,17000,11.8%,4.6%,5.3%,32.7%,45.6%
17191,17000,8.6%,14.2%,12.8%,30.0%,34.5%
17193,17000,19.0%,14.4%,9.5%,23.9%,33.2%
17195,17000,2.5%,6.6%,4.2%,21.8%,64.9%
17197,17000,4.1%,2.4%,6.2%,13.4%,73.9%
17199,17000,9.5%,12.2%,13.6%,18.3%,46.4%
17201,17000,3.1%,3.0%,8.9%,19.3%,65.7%
17203,17000,6.2%,6.7%,11.2%,24.2%,51.7%
18001,18000,13.6%,4.7%,16.0%,34.8%,30.9%
18003,18000,7.0%,14.0%,9.9%,22.8%,46.4%
18005,18000,13.8%,8.4%,8.5%,28.6%,40.6%
18007,18000,8.2%,12.6%,11.2%,18.3%,49.6%
18009,18000,9.3%,15.2%,10.6%,20.3%,44.7%
18011,18000,5.2%,8.5%,14.2%,30.8%,41.3%
18013,18000,5.5%,6.1%,4.1%,18.4%,66.0%
18015,18000,5.9%,10.4%,17.0%,22.0%,44.7%
18017,18000,3.7%,19.2%,28.3%,20.6%,28.3%
18019,18000,6.8%,6.0%,14.1%,22.8%,50.1%
18021,18000,12.2%,7.3%,11.2%,22.6%,46.6%
18023,18000,8.8%,3.3%,13.2%,28.5%,46.2%
18025,18000,6.7%,8.9%,11.8%,26.1%,46.5%
18027,18000,4.9%,6.1%,13.0%,21.4%,54.6%
18029,18000,8.3%,10.0%,16.8%,27.7%,37.1%
18031,18000,17.5%,8.3%,10.1%,20.4%,43.7%
18033,18000,10.9%,7.4%,11.8%,14.9%,55.0%
18035,18000,9.5%,10.9%,12.4%,19.7%,47.5%
18037,18000,1.0%,10.5%,8.6%,25.0%,55.0%
18039,18000,3.0%,9.7%,9.4%,25.2%,52.8%
18041,18000,16.1%,4.1%,4.8%,23.7%,51.4%
18043,18000,5.3%,8.6%,15.4%,23.3%,47.4%
18045,18000,7.7%,8.9%,14.7%,21.2%,47.4%
18047,18000,7.0%,8.2%,10.4%,19.9%,54.5%
18049,18000,14.2%,11.4%,12.8%,21.7%,39.9%
18051,18000,9.0%,10.0%,20.4%,25.5%,35.1%
18053,18000,5.3%,10.8%,13.3%,31.1%,39.3%
18055,18000,9.9%,2.7%,8.1%,23.5%,55.8%
18057,18000,7.0%,5.1%,4.9%,23.4%,59.6%
18059,18000,6.8%,4.0%,16.6%,30.6%,42.0%
18061,18000,9.4%,8.4%,20.5%,25.8%,35.9%
18063,18000,5.4%,5.2%,11.3%,25.7%,52.3%
18065,18000,18.3%,14.8%,12.5%,11.1%,43.4%
18067,18000,0.8%,8.3%,18.3%,30.1%,42.6%
18069,18000,15.0%,18.2%,5.3%,19.9%,41.6%
18071,18000,9.7%,9.8%,10.5%,38.8%,31.2%
18073,18000,18.6%,10.0%,6.5%,32.8%,32.1%
18075,18000,14.1%,13.9%,15.7%,23.5%,32.8%
18077,18000,8.3%,21.9%,21.8%,22.5%,25.5%
18079,18000,9.5%,10.5%,17.2%,30.8%,31.9%
18081,18000,5.7%,9.4%,10.0%,19.2%,55.7%
18083,18000,15.8%,12.5%,12.1%,25.9%,33.8%
18085,18000,7.3%,14.7%,8.9%,19.5%,49.6%
18087,18000,5.9%,8.2%,17.1%,23.6%,45.2%
18089,18000,4.3%,5.7%,8.8%,21.9%,59.2%
18091,18000,8.4%,7.5%,16.8%,20.6%,46.6%
18093,18000,9.2%,11.7%,10.9%,19.1%,49.1%
18095,18000,6.2%,8.4%,15.0%,14.5%,55.9%
18097,18000,5.1%,5.3%,11.6%,23.2%,54.8%
18099,18000,12.0%,10.3%,15.9%,22.9%,38.9%
18101,18000,4.1%,6.4%,12.3%,22.3%,55.0%
18103,18000,5.4%,12.5%,25.3%,22.6%,34.3%
18105,18000,3.7%,3.7%,9.4%,24.2%,59.1%
18107,18000,7.0%,11.6%,16.8%,15.6%,49.0%
18109,18000,6.0%,13.1%,13.6%,18.8%,48.5%
18111,18000,10.2%,15.3%,9.2%,33.8%,31.6%
18113,18000,5.7%,11.0%,13.5%,19.7%,50.0%
18115,18000,6.0%,7.8%,18.0%,22.3%,45.9%
18117,18000,9.6%,8.6%,7.3%,31.5%,43.0%
18119,18000,9.4%,3.8%,8.7%,28.2%,50.0%
18121,18000,11.6%,11.1%,17.4%,19.5%,40.5%
18123,18000,1.0%,10.9%,8.7%,25.2%,54.2%
18125,18000,5.2%,8.9%,16.3%,20.0%,49.5%
18127,18000,5.0%,10.0%,10.8%,23.1%,51.2%
18129,18000,13.2%,5.6%,11.5%,22.6%,47.2%
18131,18000,13.5%,21.9%,17.1%,25.3%,22.3%
18133,18000,7.5%,16.2%,20.4%,19.4%,36.6%
18135,18000,12.8%,13.0%,22.8%,17.9%,33.6%
18137,18000,5.4%,7.4%,15.0%,29.4%,42.9%
18139,18000,13.3%,11.8%,6.3%,27.9%,40.8%
18141,18000,3.1%,4.0%,10.2%,22.8%,59.8%
18143,18000,3.6%,7.3%,16.8%,26.3%,46.0%
18145,18000,16.0%,5.7%,17.7%,19.3%,41.3%
18147,18000,1.7%,13.4%,10.4%,21.6%,52.9%
18149,18000,17.7%,15.1%,8.8%,21.9%,36.5%
18151,18000,4.0%,8.9%,17.0%,16.9%,53.2%
18153,18000,12.7%,7.1%,7.7%,20.7%,51.7%
18155,18000,8.9%,12.5%,20.9%,23.4%,34.4%
18157,18000,9.3%,8.3%,10.2%,20.4%,51.8%
18159,18000,3.3%,8.2%,8.9%,44.4%,35.2%
18161,18000,9.5%,5.3%,10.6%,17.8%,56.9%
18163,18000,7.0%,3.9%,11.5%,23.4%,54.2%
18165,18000,11.3%,10.5%,13.4%,22.3%,42.6%
18167,18000,11.8%,6.4%,10.2%,25.0%,46.6%
18169,18000,7.0%,11.0%,23.7%,20.2%,38.1%
18171,18000,7.9%,11.5%,9.2%,22.3%,49.2%
18173,18000,4.5%,3.8%,11.7%,25.2%,54.8%
18175,18000,9.7%,7.4%,6.2%,35.6%,41.1%
18177,18000,16.2%,9.0%,13.8%,26.1%,34.8%
18179,18000,20.5%,5.0%,7.7%,33.7%,33.2%
18181,18000,5.6%,17.7%,19.4%,18.9%,38.4%
18183,18000,6.1%,18.6%,13.2%,16.0%,46.0%
19001,19000,7.3%,12.8%,12.8%,30.7%,36.4%
19003,19000,14.8%,11.0%,15.0%,31.1%,28.1%
19005,19000,13.8%,4.9%,13.2%,21.2%,46.9%
19007,19000,4.4%,11.0%,23.9%,19.3%,41.3%
19009,19000,22.4%,7.3%,19.4%,18.7%,32.2%
19011,19000,9.8%,6.7%,13.0%,20.0%,50.4%
19013,19000,3.2%,5.3%,18.0%,28.9%,44.7%
19015,19000,9.0%,8.0%,10.0%,19.7%,53.3%
19017,19000,4.8%,6.2%,19.7%,26.8%,42.4%
19019,19000,2.1%,12.4%,8.7%,39.4%,37.3%
19021,19000,18.3%,6.2%,26.0%,20.7%,28.8%
19023,19000,5.2%,9.4%,20.8%,23.0%,41.7%
19025,19000,21.2%,11.7%,21.3%,15.3%,30.4%
19027,19000,15.3%,11.0%,24.1%,13.9%,35.8%
19029,19000,34.1%,7.0%,12.4%,23.8%,22.7%
19031,19000,2.6%,9.6%,14.2%,35.5%,38.1%
19033,19000,6.1%,36.5%,14.6%,21.3%,21.5%
19035,19000,18.3%,10.5%,22.1%,18.2%,30.9%
19037,19000,7.5%,13.6%,19.7%,23.6%,35.6%
19039,19000,7.8%,16.7%,14.3%,19.4%,41.8%
19041,19000,22.4%,3.5%,11.2%,18.9%,44.1%
19043,19000,12.3%,8.4%,13.7%,28.4%,37.1%
19045,19000,9.2%,13.0%,7.9%,26.9%,43.0%
19047,19000,8.9%,4.5%,14.1%,6.4%,66.0%
19049,19000,3.6%,10.2%,11.8%,26.0%,48.5%
19051,19000,3.8%,10.1%,24.9%,20.1%,41.1%
19053,19000,24.8%,13.2%,25.8%,6.8%,29.4%
19055,19000,3.5%,13.7%,13.7%,40.8%,28.3%
19057,19000,13.5%,8.1%,10.9%,12.2%,55.3%
19059,19000,27.6%,2.7%,9.1%,17.3%,43.3%
19061,19000,3.7%,15.5%,18.9%,18.9%,43.0%
19063,19000,24.1%,8.3%,6.7%,18.1%,42.8%
19065,19000,5.4%,7.5%,12.8%,34.9%,39.4%
19067,19000,6.3%,27.1%,14.8%,25.0%,26.8%
19069,19000,8.8%,27.8%,18.7%,18.6%,26.1%
19071,19000,4.8%,6.1%,7.1%,20.9%,61.1%
19073,19000,11.6%,14.1%,23.5%,15.3%,35.4%
19075,19000,3.8%,4.2%,20.3%,23.8%,48.0%
19077,19000,16.2%,7.3%,14.3%,28.3%,34.0%
19079,19000,14.3%,11.8%,12.9%,15.3%,45.7%
19081,19000,8.0%,38.4%,14.6%,17.4%,21.6%
19083,19000,7.4%,7.5%,19.5%,21.4%,44.1%
19085,19000,11.8%,4.4%,9.4%,17.8%,56.5%
19087,19000,12.3%,14.2%,9.1%,18.3%,46.1%
19089,19000,7.7%,15.1%,17.6%,18.3%,41.3%
19091,19000,24.3%,26.8%,14.7%,10.2%,24.0%
19093,19000,15.3%,9.4%,24.6%,12.8%,38.0%
19095,19000,2.7%,14.9%,13.5%,23.9%,45.0%
19097,19000,3.2%,9.6%,22.9%,23.2%,41.1%
19099,19000,10.2%,10.5%,23.3%,21.2%,34.7%
19101,19000,7.4%,11.6%,22.1%,19.1%,39.8%
19103,19000,1.4%,4.4%,6.9%,20.0%,67.3%
19105,19000,4.0%,10.5%,16.5%,33.6%,35.5%
19107,19000,3.5%,12.6%,28.7%,28.0%,27.2%
19109,19000,13.5%,31.8%,10.1%,17.3%,27.2%
19111,19000,17.0%,14.6%,13.1%,16.1%,39.2%
19113,19000,3.9%,8.1%,11.5%,20.1%,56.3%
19115,19000,9.7%,5.8%,15.0%,21.4%,48.2%
19117,19000,3.2%,20.4%,19.6%,18.5%,38.4%
19119,19000,7.8%,17.3%,15.7%,24.7%,34.4%
19121,19000,1.0%,10.2%,13.6%,26.8%,48.4%
19123,19000,6.9%,6.7%,29.4%,28.3%,28.7%
19125,19000,5.3%,4.9%,20.9%,26.0%,42.9%
19127,19000,7.7%,6.4%,15.3%,22.6%,48.0%
19129,19000,6.4%,8.4%,9.1%,28.1%,48.1%
19131,19000,4.6%,28.2%,14.9%,26.0%,26.3%
19133,19000,7.8%,6.9%,8.7%,12.7%,64.0%
19135,19000,3.4%,7.8%,25.6%,24.7%,38.5%
19137,19000,21.8%,3.4%,8.4%,37.8%,28.6%
19139,19000,12.0%,2.2%,22.1%,27.3%,36.4%
19141,19000,17.3%,5.4%,26.7%,18.7%,31.9%
19143,19000,19.5%,5.1%,23.3%,19.9%,32.2%
19145,19000,8.8%,5.3%,6.8%,31.0%,48.1%
19147,19000,19.9%,11.6%,8.8%,17.9%,41.9%
19149,19000,12.5%,14.5%,16.6%,16.2%,40.2%
19151,19000,21.4%,12.4%,16.2%,16.5%,33.5%
19153,19000,4.4%,8.9%,13.6%,25.9%,47.3%
19155,19000,11.5%,8.3%,14.7%,26.4%,39.0%
19157,19000,12.1%,14.5%,18.7%,16.4%,38.3%
19159,19000,14.4%,13.8%,28.1%,16.2%,27.5%
19161,19000,18.0%,7.1%,28.6%,15.9%,30.3%
19163,19000,7.5%,2.7%,12.6%,27.7%,49.4%
19165,19000,9.9%,5.9%,18.2%,14.5%,51.6%
19167,19000,12.0%,6.0%,28.5%,20.0%,33.5%
19169,19000,4.5%,7.5%,7.1%,23.5%,57.4%
19171,19000,6.6%,5.3%,20.9%,18.1%,49.1%
19173,19000,9.0%,15.1%,18.5%,28.2%,29.2%
19175,19000,3.0%,12.5%,17.2%,21.0%,46.2%
19177,19000,10.7%,12.8%,17.5%,21.8%,37.2%
19179,19000,3.4%,8.2%,29.3%,22.1%,37.0%
19181,19000,5.5%,18.2%,18.1%,24.5%,33.7%
19183,19000,3.5%,10.2%,12.3%,15.1%,58.9%
19185,19000,13.8%,14.8%,25.2%,12.0%,34.2%
19187,19000,20.9%,16.7%,16.1%,10.1%,36.2%
19189,19000,7.0%,32.9%,17.6%,19.7%,22.8%
19191,19000,12.2%,4.4%,15.1%,17.7%,50.5%
19193,19000,11.3%,16.5%,13.7%,16.0%,42.5%
19195,19000,7.2%,27.1%,17.5%,23.1%,25.1%
19197,19000,17.2%,29.9%,17.3%,12.5%,23.2%
20001,20000,15.3%,21.2%,12.6%,16.7%,34.1%
20003,20000,18.9%,6.3%,13.7%,26.7%,34.4%
20005,20000,13.7%,12.2%,16.9%,25.6%,31.6%
20007,20000,6.9%,14.7%,11.8%,32.9%,33.6%
20009,20000,10.7%,13.1%,12.0%,21.1%,43.0%
20011,20000,16.7%,14.6%,7.7%,12.0%,49.0%
20013,20000,8.9%,14.9%,18.3%,19.7%,38.2%
20015,20000,5.3%,13.3%,12.2%,22.2%,47.0%
20017,20000,15.1%,8.2%,21.2%,22.5%,33.1%
20019,20000,12.8%,13.7%,18.5%,21.4%,33.7%
20021,20000,13.1%,12.1%,16.4%,17.4%,41.0%
20023,20000,6.5%,27.0%,17.4%,23.5%,25.6%
20025,20000,16.3%,13.0%,12.6%,23.2%,34.8%
20027,20000,8.1%,6.9%,11.5%,22.9%,50.7%
20029,20000,15.4%,7.7%,11.8%,21.7%,43.4%
20031,20000,8.5%,11.9%,16.5%,40.4%,22.7%
20033,20000,11.2%,14.4%,12.8%,27.1%,34.6%
20035,20000,7.5%,9.3%,28.0%,13.1%,42.1%
20037,20000,10.8%,14.3%,11.8%,13.9%,49.2%
20039,20000,16.3%,11.8%,21.1%,23.5%,27.3%
20041,20000,10.6%,11.8%,14.8%,24.3%,38.5%
20043,20000,13.7%,19.3%,18.4%,21.4%,27.2%
20045,20000,0.6%,0.9%,2.4%,22.7%,73.4%
20047,20000,5.2%,8.6%,13.5%,22.1%,50.6%
20049,20000,6.1%,5.0%,29.5%,28.2%,31.2%
20051,20000,15.4%,15.4%,22.4%,14.8%,32.0%
20053,20000,17.4%,13.3%,13.3%,18.7%,37.3%
20055,20000,16.6%,8.9%,16.3%,23.9%,34.3%
20057,20000,14.3%,8.4%,14.3%,23.2%,39.9%
20059,20000,6.3%,6.0%,15.9%,35.4%,36.4%
20061,20000,5.0%,6.8%,11.3%,27.0%,49.9%
20063,20000,24.0%,8.9%,23.4%,15.1%,28.7%
20065,20000,21.8%,15.6%,24.7%,12.9%,25.0%
20067,20000,14.0%,10.8%,15.0%,23.1%,37.0%
20069,20000,15.8%,9.2%,14.6%,24.0%,36.4%
20071,20000,13.5%,13.1%,18.1%,22.9%,32.3%
20073,20000,3.4%,7.9%,25.6%,30.2%,33.0%
20075,20000,13.1%,9.5%,18.9%,21.7%,36.8%
20077,20000,7.9%,11.8%,21.0%,19.3%,40.0%
20079,20000,7.5%,5.8%,12.1%,32.3%,42.3%
20081,20000,15.3%,10.7%,13.7%,23.9%,36.4%
20083,20000,12.6%,7.5%,16.3%,22.5%,41.2%
20085,20000,1.0%,11.6%,16.1%,13.6%,57.7%
20087,20000,2.6%,6.9%,9.0%,18.2%,63.4%
20089,20000,17.1%,14.2%,8.7%,25.9%,34.0%
20091,20000,2.9%,1.9%,7.5%,22.4%,65.4%
20093,20000,15.5%,9.8%,17.2%,22.9%,34.6%
20095,20000,8.1%,21.2%,11.4%,12.8%,46.4%
20097,20000,6.2%,10.7%,12.8%,23.3%,46.9%
20099,20000,16.8%,12.3%,9.1%,14.7%,47.1%
20101,20000,19.7%,7.5%,19.7%,20.4%,32.6%
20103,20000,8.7%,13.5%,9.2%,14.2%,54.4%
20105,20000,17.1%,13.2%,16.0%,16.3%,37.5%
20107,20000,14.0%,5.3%,12.1%,28.5%,40.0%
20109,20000,20.6%,13.1%,19.4%,18.9%,28.0%
20111,20000,11.3%,11.1%,13.3%,30.0%,34.4%
20113,20000,12.0%,6.5%,10.6%,31.3%,39.6%
20115,20000,10.1%,6.8%,20.9%,27.9%,34.3%
20117,20000,4.8%,4.9%,23.3%,26.3%,40.7%
20119,20000,16.4%,12.3%,11.5%,23.5%,36.2%
20121,20000,7.1%,4.4%,9.5%,25.0%,54.0%
20123,20000,17.3%,11.6%,14.4%,18.0%,38.8%
20125,20000,16.4%,13.2%,10.2%,19.5%,40.7%
20127,20000,11.0%,9.4%,14.8%,24.4%,40.4%
20129,20000,12.0%,11.3%,14.4%,21.8%,40.5%
20131,20000,3.5%,9.4%,20.3%,23.6%,43.2%
20133,20000,13.3%,20.4%,12.0%,12.7%,41.6%
20135,20000,15.0%,8.3%,19.9%,19.8%,37.1%
20137,20000,16.1%,16.3%,17.7%,22.5%,27.5%
20139,20000,1.8%,9.0%,8.8%,24.0%,56.4%
20141,20000,17.4%,23.3%,16.3%,13.6%,29.3%
20143,20000,13.1%,11.7%,16.4%,19.1%,39.6%
20145,20000,5.3%,9.6%,13.7%,21.7%,49.7%
20147,20000,15.0%,24.4%,12.6%,19.0%,29.0%
20149,20000,1.2%,5.7%,14.5%,23.6%,55.0%
20151,20000,2.0%,18.3%,10.1%,30.9%,38.7%
20153,20000,12.8%,17.4%,20.9%,22.0%,26.8%
20155,20000,13.5%,7.7%,14.3%,19.1%,45.4%
20157,20000,18.3%,7.3%,7.6%,29.5%,37.3%
20159,20000,15.3%,8.6%,11.0%,24.1%,41.0%
20161,20000,3.0%,5.0%,12.4%,26.1%,53.5%
20163,20000,17.9%,22.0%,21.8%,12.3%,26.0%
20165,20000,11.0%,12.2%,18.2%,18.3%,40.3%
20167,20000,16.0%,17.4%,17.4%,15.7%,33.5%
20169,20000,12.6%,13.3%,17.5%,20.9%,35.7%
20171,20000,19.7%,9.0%,19.0%,21.0%,31.3%
20173,20000,6.0%,5.5%,12.6%,26.0%,49.9%
20175,20000,13.8%,14.0%,9.2%,22.6%,40.3%
20177,20000,0.9%,7.8%,9.5%,18.4%,63.3%
20179,20000,23.1%,11.2%,23.6%,15.4%,26.7%
20181,20000,10.0%,27.0%,15.9%,24.0%,23.1%
20183,20000,14.2%,25.7%,8.8%,19.5%,31.9%
20185,20000,4.1%,12.5%,10.9%,25.2%,47.2%
20187,20000,12.7%,9.8%,17.2%,21.6%,38.8%
20189,20000,12.2%,13.2%,11.2%,22.5%,40.8%
20191,20000,10.4%,3.9%,11.5%,29.8%,44.4%
20193,20000,18.8%,15.7%,20.8%,18.4%,26.3%
20195,20000,20.3%,11.5%,25.6%,13.7%,29.1%
20197,20000,1.1%,7.7%,12.0%,20.1%,59.1%
20199,20000,12.8%,21.0%,15.4%,24.6%,26.2%
20201,20000,14.8%,7.5%,11.1%,23.4%,43.2%
20203,20000,17.3%,11.2%,18.4%,21.9%,31.3%
20205,20000,12.5%,14.8%,14.5%,18.4%,39.8%
20207,20000,9.2%,17.5%,17.1%,24.7%,31.4%
20209,20000,2.5%,5.6%,7.6%,17.8%,66.5%
21001,21000,7.6%,11.5%,16.7%,24.3%,39.9%
21003,21000,10.1%,7.2%,9.7%,21.1%,51.9%
21005,21000,6.2%,1.0%,4.4%,48.3%,40.1%
21007,21000,10.7%,3.3%,19.8%,25.7%,40.4%
21009,21000,5.3%,9.3%,9.0%,17.6%,58.8%
21011,21000,7.6%,5.8%,8.4%,33.9%,44.3%
21013,21000,14.6%,9.4%,12.0%,19.9%,44.0%
21015,21000,8.0%,8.7%,8.1%,23.2%,52.0%
21017,21000,2.4%,3.7%,4.2%,12.9%,76.9%
21019,21000,8.4%,12.5%,20.2%,23.5%,35.4%
21021,21000,9.2%,3.7%,11.2%,16.1%,59.8%
21023,21000,5.6%,24.9%,6.5%,23.8%,39.2%
21025,21000,11.4%,8.1%,12.6%,24.1%,43.8%
21027,21000,2.3%,14.6%,17.7%,13.8%,51.7%
